{
 "cells": [
  {
   "cell_type": "code",
   "execution_count": 1,
   "metadata": {},
   "outputs": [],
   "source": [
    "import pandas as pd"
   ]
  },
  {
   "cell_type": "code",
   "execution_count": 2,
   "metadata": {},
   "outputs": [],
   "source": [
    "A = pd.read_csv(\"C:/Users/Naveen/Desktop/PYTHON/python files/Linera Regression/House_Price.csv\")"
   ]
  },
  {
   "cell_type": "code",
   "execution_count": 7,
   "metadata": {},
   "outputs": [
    {
     "data": {
      "text/html": [
       "<div>\n",
       "<style scoped>\n",
       "    .dataframe tbody tr th:only-of-type {\n",
       "        vertical-align: middle;\n",
       "    }\n",
       "\n",
       "    .dataframe tbody tr th {\n",
       "        vertical-align: top;\n",
       "    }\n",
       "\n",
       "    .dataframe thead th {\n",
       "        text-align: right;\n",
       "    }\n",
       "</style>\n",
       "<table border=\"1\" class=\"dataframe\">\n",
       "  <thead>\n",
       "    <tr style=\"text-align: right;\">\n",
       "      <th></th>\n",
       "      <th>price</th>\n",
       "      <th>crime_rate</th>\n",
       "      <th>resid_area</th>\n",
       "      <th>air_qual</th>\n",
       "      <th>room_num</th>\n",
       "      <th>age</th>\n",
       "      <th>dist1</th>\n",
       "      <th>dist2</th>\n",
       "      <th>dist3</th>\n",
       "      <th>dist4</th>\n",
       "      <th>teachers</th>\n",
       "      <th>poor_prop</th>\n",
       "      <th>n_hos_beds</th>\n",
       "      <th>n_hot_rooms</th>\n",
       "      <th>rainfall</th>\n",
       "      <th>parks</th>\n",
       "    </tr>\n",
       "  </thead>\n",
       "  <tbody>\n",
       "    <tr>\n",
       "      <th>price</th>\n",
       "      <td>84.312354</td>\n",
       "      <td>-30.769572</td>\n",
       "      <td>-30.536117</td>\n",
       "      <td>-0.456779</td>\n",
       "      <td>4.492242</td>\n",
       "      <td>-97.700542</td>\n",
       "      <td>4.866461</td>\n",
       "      <td>4.829873</td>\n",
       "      <td>4.800884</td>\n",
       "      <td>4.784121</td>\n",
       "      <td>10.051863</td>\n",
       "      <td>-48.576974</td>\n",
       "      <td>1.488155</td>\n",
       "      <td>1.112290</td>\n",
       "      <td>-5.449415</td>\n",
       "      <td>-0.038229</td>\n",
       "    </tr>\n",
       "    <tr>\n",
       "      <th>crime_rate</th>\n",
       "      <td>-30.769572</td>\n",
       "      <td>73.986578</td>\n",
       "      <td>23.992339</td>\n",
       "      <td>0.419594</td>\n",
       "      <td>-1.325038</td>\n",
       "      <td>85.405322</td>\n",
       "      <td>-6.892832</td>\n",
       "      <td>-6.888692</td>\n",
       "      <td>-6.929999</td>\n",
       "      <td>-6.797539</td>\n",
       "      <td>-5.399331</td>\n",
       "      <td>27.986168</td>\n",
       "      <td>0.222408</td>\n",
       "      <td>0.609157</td>\n",
       "      <td>6.372540</td>\n",
       "      <td>0.035049</td>\n",
       "    </tr>\n",
       "    <tr>\n",
       "      <th>resid_area</th>\n",
       "      <td>-30.536117</td>\n",
       "      <td>23.992339</td>\n",
       "      <td>47.064442</td>\n",
       "      <td>0.607074</td>\n",
       "      <td>-1.887957</td>\n",
       "      <td>124.513903</td>\n",
       "      <td>-10.219447</td>\n",
       "      <td>-10.241019</td>\n",
       "      <td>-10.289825</td>\n",
       "      <td>-10.164691</td>\n",
       "      <td>-5.692104</td>\n",
       "      <td>29.580270</td>\n",
       "      <td>0.059213</td>\n",
       "      <td>-0.030141</td>\n",
       "      <td>4.791181</td>\n",
       "      <td>0.051617</td>\n",
       "    </tr>\n",
       "    <tr>\n",
       "      <th>air_qual</th>\n",
       "      <td>-0.456779</td>\n",
       "      <td>0.419594</td>\n",
       "      <td>0.607074</td>\n",
       "      <td>0.013428</td>\n",
       "      <td>-0.024603</td>\n",
       "      <td>2.385927</td>\n",
       "      <td>-0.187791</td>\n",
       "      <td>-0.188072</td>\n",
       "      <td>-0.188934</td>\n",
       "      <td>-0.186056</td>\n",
       "      <td>-0.047397</td>\n",
       "      <td>0.488946</td>\n",
       "      <td>-0.008547</td>\n",
       "      <td>-0.002964</td>\n",
       "      <td>0.133556</td>\n",
       "      <td>0.001128</td>\n",
       "    </tr>\n",
       "    <tr>\n",
       "      <th>room_num</th>\n",
       "      <td>4.492242</td>\n",
       "      <td>-1.325038</td>\n",
       "      <td>-1.887957</td>\n",
       "      <td>-0.024603</td>\n",
       "      <td>0.493671</td>\n",
       "      <td>-4.751929</td>\n",
       "      <td>0.308838</td>\n",
       "      <td>0.302202</td>\n",
       "      <td>0.300722</td>\n",
       "      <td>0.302947</td>\n",
       "      <td>0.540763</td>\n",
       "      <td>-3.079741</td>\n",
       "      <td>0.033477</td>\n",
       "      <td>0.112909</td>\n",
       "      <td>-0.568811</td>\n",
       "      <td>-0.002113</td>\n",
       "    </tr>\n",
       "    <tr>\n",
       "      <th>age</th>\n",
       "      <td>-97.700542</td>\n",
       "      <td>85.405322</td>\n",
       "      <td>124.513903</td>\n",
       "      <td>2.385927</td>\n",
       "      <td>-4.751929</td>\n",
       "      <td>792.358399</td>\n",
       "      <td>-44.330847</td>\n",
       "      <td>-44.307453</td>\n",
       "      <td>-44.574643</td>\n",
       "      <td>-44.123024</td>\n",
       "      <td>-15.936921</td>\n",
       "      <td>121.077725</td>\n",
       "      <td>-0.880390</td>\n",
       "      <td>1.383213</td>\n",
       "      <td>26.488137</td>\n",
       "      <td>0.201678</td>\n",
       "    </tr>\n",
       "    <tr>\n",
       "      <th>dist1</th>\n",
       "      <td>4.866461</td>\n",
       "      <td>-6.892832</td>\n",
       "      <td>-10.219447</td>\n",
       "      <td>-0.187791</td>\n",
       "      <td>0.308838</td>\n",
       "      <td>-44.330847</td>\n",
       "      <td>4.445908</td>\n",
       "      <td>4.436693</td>\n",
       "      <td>4.459535</td>\n",
       "      <td>4.400004</td>\n",
       "      <td>1.062856</td>\n",
       "      <td>-7.510858</td>\n",
       "      <td>-0.095303</td>\n",
       "      <td>-0.159764</td>\n",
       "      <td>-0.970839</td>\n",
       "      <td>-0.015835</td>\n",
       "    </tr>\n",
       "    <tr>\n",
       "      <th>dist2</th>\n",
       "      <td>4.829873</td>\n",
       "      <td>-6.888692</td>\n",
       "      <td>-10.241019</td>\n",
       "      <td>-0.188072</td>\n",
       "      <td>0.302202</td>\n",
       "      <td>-44.307453</td>\n",
       "      <td>4.436693</td>\n",
       "      <td>4.446111</td>\n",
       "      <td>4.461256</td>\n",
       "      <td>4.399792</td>\n",
       "      <td>1.066863</td>\n",
       "      <td>-7.463892</td>\n",
       "      <td>-0.097521</td>\n",
       "      <td>-0.113110</td>\n",
       "      <td>-1.002806</td>\n",
       "      <td>-0.015878</td>\n",
       "    </tr>\n",
       "    <tr>\n",
       "      <th>dist3</th>\n",
       "      <td>4.800884</td>\n",
       "      <td>-6.929999</td>\n",
       "      <td>-10.289825</td>\n",
       "      <td>-0.188934</td>\n",
       "      <td>0.300722</td>\n",
       "      <td>-44.574643</td>\n",
       "      <td>4.459535</td>\n",
       "      <td>4.461256</td>\n",
       "      <td>4.493541</td>\n",
       "      <td>4.423744</td>\n",
       "      <td>1.071994</td>\n",
       "      <td>-7.482373</td>\n",
       "      <td>-0.089345</td>\n",
       "      <td>-0.111908</td>\n",
       "      <td>-1.100043</td>\n",
       "      <td>-0.015988</td>\n",
       "    </tr>\n",
       "    <tr>\n",
       "      <th>dist4</th>\n",
       "      <td>4.784121</td>\n",
       "      <td>-6.797539</td>\n",
       "      <td>-10.164691</td>\n",
       "      <td>-0.186056</td>\n",
       "      <td>0.302947</td>\n",
       "      <td>-44.123024</td>\n",
       "      <td>4.400004</td>\n",
       "      <td>4.399792</td>\n",
       "      <td>4.423744</td>\n",
       "      <td>4.406653</td>\n",
       "      <td>1.037347</td>\n",
       "      <td>-7.436567</td>\n",
       "      <td>-0.067288</td>\n",
       "      <td>-0.064335</td>\n",
       "      <td>-0.854842</td>\n",
       "      <td>-0.015702</td>\n",
       "    </tr>\n",
       "    <tr>\n",
       "      <th>teachers</th>\n",
       "      <td>10.051863</td>\n",
       "      <td>-5.399331</td>\n",
       "      <td>-5.692104</td>\n",
       "      <td>-0.047397</td>\n",
       "      <td>0.540763</td>\n",
       "      <td>-15.936921</td>\n",
       "      <td>1.062856</td>\n",
       "      <td>1.066863</td>\n",
       "      <td>1.071994</td>\n",
       "      <td>1.037347</td>\n",
       "      <td>4.686989</td>\n",
       "      <td>-5.782729</td>\n",
       "      <td>-0.025962</td>\n",
       "      <td>-0.264759</td>\n",
       "      <td>-1.241764</td>\n",
       "      <td>-0.004305</td>\n",
       "    </tr>\n",
       "    <tr>\n",
       "      <th>poor_prop</th>\n",
       "      <td>-48.576974</td>\n",
       "      <td>27.986168</td>\n",
       "      <td>29.580270</td>\n",
       "      <td>0.488946</td>\n",
       "      <td>-3.079741</td>\n",
       "      <td>121.077725</td>\n",
       "      <td>-7.510858</td>\n",
       "      <td>-7.463892</td>\n",
       "      <td>-7.482373</td>\n",
       "      <td>-7.436567</td>\n",
       "      <td>-5.782729</td>\n",
       "      <td>50.994760</td>\n",
       "      <td>-0.701634</td>\n",
       "      <td>0.124849</td>\n",
       "      <td>5.502947</td>\n",
       "      <td>0.041935</td>\n",
       "    </tr>\n",
       "    <tr>\n",
       "      <th>n_hos_beds</th>\n",
       "      <td>1.488155</td>\n",
       "      <td>0.222408</td>\n",
       "      <td>0.059213</td>\n",
       "      <td>-0.008547</td>\n",
       "      <td>0.033477</td>\n",
       "      <td>-0.880390</td>\n",
       "      <td>-0.095303</td>\n",
       "      <td>-0.097521</td>\n",
       "      <td>-0.089345</td>\n",
       "      <td>-0.067288</td>\n",
       "      <td>-0.025962</td>\n",
       "      <td>-0.701634</td>\n",
       "      <td>2.180591</td>\n",
       "      <td>-0.042543</td>\n",
       "      <td>1.092059</td>\n",
       "      <td>-0.001128</td>\n",
       "    </tr>\n",
       "    <tr>\n",
       "      <th>n_hot_rooms</th>\n",
       "      <td>1.112290</td>\n",
       "      <td>0.609157</td>\n",
       "      <td>-0.030141</td>\n",
       "      <td>-0.002964</td>\n",
       "      <td>0.112909</td>\n",
       "      <td>1.383213</td>\n",
       "      <td>-0.159764</td>\n",
       "      <td>-0.113110</td>\n",
       "      <td>-0.111908</td>\n",
       "      <td>-0.064335</td>\n",
       "      <td>-0.264759</td>\n",
       "      <td>0.124849</td>\n",
       "      <td>-0.042543</td>\n",
       "      <td>27.446667</td>\n",
       "      <td>-0.317292</td>\n",
       "      <td>0.000349</td>\n",
       "    </tr>\n",
       "    <tr>\n",
       "      <th>rainfall</th>\n",
       "      <td>-5.449415</td>\n",
       "      <td>6.372540</td>\n",
       "      <td>4.791181</td>\n",
       "      <td>0.133556</td>\n",
       "      <td>-0.568811</td>\n",
       "      <td>26.488137</td>\n",
       "      <td>-0.970839</td>\n",
       "      <td>-1.002806</td>\n",
       "      <td>-1.100043</td>\n",
       "      <td>-0.854842</td>\n",
       "      <td>-1.241764</td>\n",
       "      <td>5.502947</td>\n",
       "      <td>1.092059</td>\n",
       "      <td>-0.317292</td>\n",
       "      <td>156.592619</td>\n",
       "      <td>0.010463</td>\n",
       "    </tr>\n",
       "    <tr>\n",
       "      <th>parks</th>\n",
       "      <td>-0.038229</td>\n",
       "      <td>0.035049</td>\n",
       "      <td>0.051617</td>\n",
       "      <td>0.001128</td>\n",
       "      <td>-0.002113</td>\n",
       "      <td>0.201678</td>\n",
       "      <td>-0.015835</td>\n",
       "      <td>-0.015878</td>\n",
       "      <td>-0.015988</td>\n",
       "      <td>-0.015702</td>\n",
       "      <td>-0.004305</td>\n",
       "      <td>0.041935</td>\n",
       "      <td>-0.001128</td>\n",
       "      <td>0.000349</td>\n",
       "      <td>0.010463</td>\n",
       "      <td>0.000113</td>\n",
       "    </tr>\n",
       "  </tbody>\n",
       "</table>\n",
       "</div>"
      ],
      "text/plain": [
       "                 price  crime_rate  resid_area  air_qual  room_num  \\\n",
       "price        84.312354  -30.769572  -30.536117 -0.456779  4.492242   \n",
       "crime_rate  -30.769572   73.986578   23.992339  0.419594 -1.325038   \n",
       "resid_area  -30.536117   23.992339   47.064442  0.607074 -1.887957   \n",
       "air_qual     -0.456779    0.419594    0.607074  0.013428 -0.024603   \n",
       "room_num      4.492242   -1.325038   -1.887957 -0.024603  0.493671   \n",
       "age         -97.700542   85.405322  124.513903  2.385927 -4.751929   \n",
       "dist1         4.866461   -6.892832  -10.219447 -0.187791  0.308838   \n",
       "dist2         4.829873   -6.888692  -10.241019 -0.188072  0.302202   \n",
       "dist3         4.800884   -6.929999  -10.289825 -0.188934  0.300722   \n",
       "dist4         4.784121   -6.797539  -10.164691 -0.186056  0.302947   \n",
       "teachers     10.051863   -5.399331   -5.692104 -0.047397  0.540763   \n",
       "poor_prop   -48.576974   27.986168   29.580270  0.488946 -3.079741   \n",
       "n_hos_beds    1.488155    0.222408    0.059213 -0.008547  0.033477   \n",
       "n_hot_rooms   1.112290    0.609157   -0.030141 -0.002964  0.112909   \n",
       "rainfall     -5.449415    6.372540    4.791181  0.133556 -0.568811   \n",
       "parks        -0.038229    0.035049    0.051617  0.001128 -0.002113   \n",
       "\n",
       "                    age      dist1      dist2      dist3      dist4  \\\n",
       "price        -97.700542   4.866461   4.829873   4.800884   4.784121   \n",
       "crime_rate    85.405322  -6.892832  -6.888692  -6.929999  -6.797539   \n",
       "resid_area   124.513903 -10.219447 -10.241019 -10.289825 -10.164691   \n",
       "air_qual       2.385927  -0.187791  -0.188072  -0.188934  -0.186056   \n",
       "room_num      -4.751929   0.308838   0.302202   0.300722   0.302947   \n",
       "age          792.358399 -44.330847 -44.307453 -44.574643 -44.123024   \n",
       "dist1        -44.330847   4.445908   4.436693   4.459535   4.400004   \n",
       "dist2        -44.307453   4.436693   4.446111   4.461256   4.399792   \n",
       "dist3        -44.574643   4.459535   4.461256   4.493541   4.423744   \n",
       "dist4        -44.123024   4.400004   4.399792   4.423744   4.406653   \n",
       "teachers     -15.936921   1.062856   1.066863   1.071994   1.037347   \n",
       "poor_prop    121.077725  -7.510858  -7.463892  -7.482373  -7.436567   \n",
       "n_hos_beds    -0.880390  -0.095303  -0.097521  -0.089345  -0.067288   \n",
       "n_hot_rooms    1.383213  -0.159764  -0.113110  -0.111908  -0.064335   \n",
       "rainfall      26.488137  -0.970839  -1.002806  -1.100043  -0.854842   \n",
       "parks          0.201678  -0.015835  -0.015878  -0.015988  -0.015702   \n",
       "\n",
       "              teachers   poor_prop  n_hos_beds  n_hot_rooms    rainfall  \\\n",
       "price        10.051863  -48.576974    1.488155     1.112290   -5.449415   \n",
       "crime_rate   -5.399331   27.986168    0.222408     0.609157    6.372540   \n",
       "resid_area   -5.692104   29.580270    0.059213    -0.030141    4.791181   \n",
       "air_qual     -0.047397    0.488946   -0.008547    -0.002964    0.133556   \n",
       "room_num      0.540763   -3.079741    0.033477     0.112909   -0.568811   \n",
       "age         -15.936921  121.077725   -0.880390     1.383213   26.488137   \n",
       "dist1         1.062856   -7.510858   -0.095303    -0.159764   -0.970839   \n",
       "dist2         1.066863   -7.463892   -0.097521    -0.113110   -1.002806   \n",
       "dist3         1.071994   -7.482373   -0.089345    -0.111908   -1.100043   \n",
       "dist4         1.037347   -7.436567   -0.067288    -0.064335   -0.854842   \n",
       "teachers      4.686989   -5.782729   -0.025962    -0.264759   -1.241764   \n",
       "poor_prop    -5.782729   50.994760   -0.701634     0.124849    5.502947   \n",
       "n_hos_beds   -0.025962   -0.701634    2.180591    -0.042543    1.092059   \n",
       "n_hot_rooms  -0.264759    0.124849   -0.042543    27.446667   -0.317292   \n",
       "rainfall     -1.241764    5.502947    1.092059    -0.317292  156.592619   \n",
       "parks        -0.004305    0.041935   -0.001128     0.000349    0.010463   \n",
       "\n",
       "                parks  \n",
       "price       -0.038229  \n",
       "crime_rate   0.035049  \n",
       "resid_area   0.051617  \n",
       "air_qual     0.001128  \n",
       "room_num    -0.002113  \n",
       "age          0.201678  \n",
       "dist1       -0.015835  \n",
       "dist2       -0.015878  \n",
       "dist3       -0.015988  \n",
       "dist4       -0.015702  \n",
       "teachers    -0.004305  \n",
       "poor_prop    0.041935  \n",
       "n_hos_beds  -0.001128  \n",
       "n_hot_rooms  0.000349  \n",
       "rainfall     0.010463  \n",
       "parks        0.000113  "
      ]
     },
     "execution_count": 7,
     "metadata": {},
     "output_type": "execute_result"
    }
   ],
   "source": [
    "A.cov()"
   ]
  },
  {
   "cell_type": "code",
   "execution_count": 8,
   "metadata": {},
   "outputs": [
    {
     "data": {
      "text/html": [
       "<div>\n",
       "<style scoped>\n",
       "    .dataframe tbody tr th:only-of-type {\n",
       "        vertical-align: middle;\n",
       "    }\n",
       "\n",
       "    .dataframe tbody tr th {\n",
       "        vertical-align: top;\n",
       "    }\n",
       "\n",
       "    .dataframe thead th {\n",
       "        text-align: right;\n",
       "    }\n",
       "</style>\n",
       "<table border=\"1\" class=\"dataframe\">\n",
       "  <thead>\n",
       "    <tr style=\"text-align: right;\">\n",
       "      <th></th>\n",
       "      <th>price</th>\n",
       "      <th>crime_rate</th>\n",
       "      <th>resid_area</th>\n",
       "      <th>air_qual</th>\n",
       "      <th>room_num</th>\n",
       "      <th>age</th>\n",
       "      <th>dist1</th>\n",
       "      <th>dist2</th>\n",
       "      <th>dist3</th>\n",
       "      <th>dist4</th>\n",
       "      <th>teachers</th>\n",
       "      <th>poor_prop</th>\n",
       "      <th>n_hos_beds</th>\n",
       "      <th>n_hot_rooms</th>\n",
       "      <th>rainfall</th>\n",
       "      <th>parks</th>\n",
       "    </tr>\n",
       "  </thead>\n",
       "  <tbody>\n",
       "    <tr>\n",
       "      <th>price</th>\n",
       "      <td>1.000000</td>\n",
       "      <td>-0.389582</td>\n",
       "      <td>-0.484754</td>\n",
       "      <td>-0.429300</td>\n",
       "      <td>0.696304</td>\n",
       "      <td>-0.377999</td>\n",
       "      <td>0.251355</td>\n",
       "      <td>0.249459</td>\n",
       "      <td>0.246650</td>\n",
       "      <td>0.248200</td>\n",
       "      <td>0.505655</td>\n",
       "      <td>-0.740836</td>\n",
       "      <td>0.109646</td>\n",
       "      <td>0.023122</td>\n",
       "      <td>-0.047426</td>\n",
       "      <td>-0.391574</td>\n",
       "    </tr>\n",
       "    <tr>\n",
       "      <th>crime_rate</th>\n",
       "      <td>-0.389582</td>\n",
       "      <td>1.000000</td>\n",
       "      <td>0.406583</td>\n",
       "      <td>0.420972</td>\n",
       "      <td>-0.219247</td>\n",
       "      <td>0.352734</td>\n",
       "      <td>-0.380050</td>\n",
       "      <td>-0.379813</td>\n",
       "      <td>-0.380069</td>\n",
       "      <td>-0.376462</td>\n",
       "      <td>-0.289946</td>\n",
       "      <td>0.455621</td>\n",
       "      <td>0.017502</td>\n",
       "      <td>0.013518</td>\n",
       "      <td>0.059204</td>\n",
       "      <td>0.383235</td>\n",
       "    </tr>\n",
       "    <tr>\n",
       "      <th>resid_area</th>\n",
       "      <td>-0.484754</td>\n",
       "      <td>0.406583</td>\n",
       "      <td>1.000000</td>\n",
       "      <td>0.763651</td>\n",
       "      <td>-0.391676</td>\n",
       "      <td>0.644779</td>\n",
       "      <td>-0.706481</td>\n",
       "      <td>-0.707956</td>\n",
       "      <td>-0.707566</td>\n",
       "      <td>-0.705819</td>\n",
       "      <td>-0.383248</td>\n",
       "      <td>0.603800</td>\n",
       "      <td>0.005827</td>\n",
       "      <td>-0.000839</td>\n",
       "      <td>0.055810</td>\n",
       "      <td>0.707635</td>\n",
       "    </tr>\n",
       "    <tr>\n",
       "      <th>air_qual</th>\n",
       "      <td>-0.429300</td>\n",
       "      <td>0.420972</td>\n",
       "      <td>0.763651</td>\n",
       "      <td>1.000000</td>\n",
       "      <td>-0.302188</td>\n",
       "      <td>0.731470</td>\n",
       "      <td>-0.768589</td>\n",
       "      <td>-0.769724</td>\n",
       "      <td>-0.769157</td>\n",
       "      <td>-0.764873</td>\n",
       "      <td>-0.188933</td>\n",
       "      <td>0.590879</td>\n",
       "      <td>-0.049954</td>\n",
       "      <td>-0.004882</td>\n",
       "      <td>0.092104</td>\n",
       "      <td>0.915544</td>\n",
       "    </tr>\n",
       "    <tr>\n",
       "      <th>room_num</th>\n",
       "      <td>0.696304</td>\n",
       "      <td>-0.219247</td>\n",
       "      <td>-0.391676</td>\n",
       "      <td>-0.302188</td>\n",
       "      <td>1.000000</td>\n",
       "      <td>-0.240265</td>\n",
       "      <td>0.208464</td>\n",
       "      <td>0.203981</td>\n",
       "      <td>0.201907</td>\n",
       "      <td>0.205397</td>\n",
       "      <td>0.355501</td>\n",
       "      <td>-0.613808</td>\n",
       "      <td>0.032207</td>\n",
       "      <td>0.030674</td>\n",
       "      <td>-0.064694</td>\n",
       "      <td>-0.282817</td>\n",
       "    </tr>\n",
       "    <tr>\n",
       "      <th>age</th>\n",
       "      <td>-0.377999</td>\n",
       "      <td>0.352734</td>\n",
       "      <td>0.644779</td>\n",
       "      <td>0.731470</td>\n",
       "      <td>-0.240265</td>\n",
       "      <td>1.000000</td>\n",
       "      <td>-0.746904</td>\n",
       "      <td>-0.746493</td>\n",
       "      <td>-0.747021</td>\n",
       "      <td>-0.746707</td>\n",
       "      <td>-0.261515</td>\n",
       "      <td>0.602339</td>\n",
       "      <td>-0.021102</td>\n",
       "      <td>0.009380</td>\n",
       "      <td>0.075198</td>\n",
       "      <td>0.673850</td>\n",
       "    </tr>\n",
       "    <tr>\n",
       "      <th>dist1</th>\n",
       "      <td>0.251355</td>\n",
       "      <td>-0.380050</td>\n",
       "      <td>-0.706481</td>\n",
       "      <td>-0.768589</td>\n",
       "      <td>0.208464</td>\n",
       "      <td>-0.746904</td>\n",
       "      <td>1.000000</td>\n",
       "      <td>0.997905</td>\n",
       "      <td>0.997735</td>\n",
       "      <td>0.994073</td>\n",
       "      <td>0.232834</td>\n",
       "      <td>-0.498823</td>\n",
       "      <td>-0.030550</td>\n",
       "      <td>-0.014463</td>\n",
       "      <td>-0.036794</td>\n",
       "      <td>-0.706319</td>\n",
       "    </tr>\n",
       "    <tr>\n",
       "      <th>dist2</th>\n",
       "      <td>0.249459</td>\n",
       "      <td>-0.379813</td>\n",
       "      <td>-0.707956</td>\n",
       "      <td>-0.769724</td>\n",
       "      <td>0.203981</td>\n",
       "      <td>-0.746493</td>\n",
       "      <td>0.997905</td>\n",
       "      <td>1.000000</td>\n",
       "      <td>0.998097</td>\n",
       "      <td>0.994003</td>\n",
       "      <td>0.233707</td>\n",
       "      <td>-0.495693</td>\n",
       "      <td>-0.031248</td>\n",
       "      <td>-0.010239</td>\n",
       "      <td>-0.038005</td>\n",
       "      <td>-0.708237</td>\n",
       "    </tr>\n",
       "    <tr>\n",
       "      <th>dist3</th>\n",
       "      <td>0.246650</td>\n",
       "      <td>-0.380069</td>\n",
       "      <td>-0.707566</td>\n",
       "      <td>-0.769157</td>\n",
       "      <td>0.201907</td>\n",
       "      <td>-0.747021</td>\n",
       "      <td>0.997735</td>\n",
       "      <td>0.998097</td>\n",
       "      <td>1.000000</td>\n",
       "      <td>0.994126</td>\n",
       "      <td>0.233588</td>\n",
       "      <td>-0.494290</td>\n",
       "      <td>-0.028471</td>\n",
       "      <td>-0.010077</td>\n",
       "      <td>-0.041470</td>\n",
       "      <td>-0.709346</td>\n",
       "    </tr>\n",
       "    <tr>\n",
       "      <th>dist4</th>\n",
       "      <td>0.248200</td>\n",
       "      <td>-0.376462</td>\n",
       "      <td>-0.705819</td>\n",
       "      <td>-0.764873</td>\n",
       "      <td>0.205397</td>\n",
       "      <td>-0.746707</td>\n",
       "      <td>0.994073</td>\n",
       "      <td>0.994003</td>\n",
       "      <td>0.994126</td>\n",
       "      <td>1.000000</td>\n",
       "      <td>0.228256</td>\n",
       "      <td>-0.496084</td>\n",
       "      <td>-0.021648</td>\n",
       "      <td>-0.005850</td>\n",
       "      <td>-0.032542</td>\n",
       "      <td>-0.703508</td>\n",
       "    </tr>\n",
       "    <tr>\n",
       "      <th>teachers</th>\n",
       "      <td>0.505655</td>\n",
       "      <td>-0.289946</td>\n",
       "      <td>-0.383248</td>\n",
       "      <td>-0.188933</td>\n",
       "      <td>0.355501</td>\n",
       "      <td>-0.261515</td>\n",
       "      <td>0.232834</td>\n",
       "      <td>0.233707</td>\n",
       "      <td>0.233588</td>\n",
       "      <td>0.228256</td>\n",
       "      <td>1.000000</td>\n",
       "      <td>-0.374044</td>\n",
       "      <td>-0.008130</td>\n",
       "      <td>-0.023343</td>\n",
       "      <td>-0.045836</td>\n",
       "      <td>-0.187004</td>\n",
       "    </tr>\n",
       "    <tr>\n",
       "      <th>poor_prop</th>\n",
       "      <td>-0.740836</td>\n",
       "      <td>0.455621</td>\n",
       "      <td>0.603800</td>\n",
       "      <td>0.590879</td>\n",
       "      <td>-0.613808</td>\n",
       "      <td>0.602339</td>\n",
       "      <td>-0.498823</td>\n",
       "      <td>-0.495693</td>\n",
       "      <td>-0.494290</td>\n",
       "      <td>-0.496084</td>\n",
       "      <td>-0.374044</td>\n",
       "      <td>1.000000</td>\n",
       "      <td>-0.066434</td>\n",
       "      <td>0.003337</td>\n",
       "      <td>0.061581</td>\n",
       "      <td>0.552310</td>\n",
       "    </tr>\n",
       "    <tr>\n",
       "      <th>n_hos_beds</th>\n",
       "      <td>0.109646</td>\n",
       "      <td>0.017502</td>\n",
       "      <td>0.005827</td>\n",
       "      <td>-0.049954</td>\n",
       "      <td>0.032207</td>\n",
       "      <td>-0.021102</td>\n",
       "      <td>-0.030550</td>\n",
       "      <td>-0.031248</td>\n",
       "      <td>-0.028471</td>\n",
       "      <td>-0.021648</td>\n",
       "      <td>-0.008130</td>\n",
       "      <td>-0.066434</td>\n",
       "      <td>1.000000</td>\n",
       "      <td>-0.005461</td>\n",
       "      <td>0.058997</td>\n",
       "      <td>-0.072002</td>\n",
       "    </tr>\n",
       "    <tr>\n",
       "      <th>n_hot_rooms</th>\n",
       "      <td>0.023122</td>\n",
       "      <td>0.013518</td>\n",
       "      <td>-0.000839</td>\n",
       "      <td>-0.004882</td>\n",
       "      <td>0.030674</td>\n",
       "      <td>0.009380</td>\n",
       "      <td>-0.014463</td>\n",
       "      <td>-0.010239</td>\n",
       "      <td>-0.010077</td>\n",
       "      <td>-0.005850</td>\n",
       "      <td>-0.023343</td>\n",
       "      <td>0.003337</td>\n",
       "      <td>-0.005461</td>\n",
       "      <td>1.000000</td>\n",
       "      <td>-0.004840</td>\n",
       "      <td>0.006262</td>\n",
       "    </tr>\n",
       "    <tr>\n",
       "      <th>rainfall</th>\n",
       "      <td>-0.047426</td>\n",
       "      <td>0.059204</td>\n",
       "      <td>0.055810</td>\n",
       "      <td>0.092104</td>\n",
       "      <td>-0.064694</td>\n",
       "      <td>0.075198</td>\n",
       "      <td>-0.036794</td>\n",
       "      <td>-0.038005</td>\n",
       "      <td>-0.041470</td>\n",
       "      <td>-0.032542</td>\n",
       "      <td>-0.045836</td>\n",
       "      <td>0.061581</td>\n",
       "      <td>0.058997</td>\n",
       "      <td>-0.004840</td>\n",
       "      <td>1.000000</td>\n",
       "      <td>0.078641</td>\n",
       "    </tr>\n",
       "    <tr>\n",
       "      <th>parks</th>\n",
       "      <td>-0.391574</td>\n",
       "      <td>0.383235</td>\n",
       "      <td>0.707635</td>\n",
       "      <td>0.915544</td>\n",
       "      <td>-0.282817</td>\n",
       "      <td>0.673850</td>\n",
       "      <td>-0.706319</td>\n",
       "      <td>-0.708237</td>\n",
       "      <td>-0.709346</td>\n",
       "      <td>-0.703508</td>\n",
       "      <td>-0.187004</td>\n",
       "      <td>0.552310</td>\n",
       "      <td>-0.072002</td>\n",
       "      <td>0.006262</td>\n",
       "      <td>0.078641</td>\n",
       "      <td>1.000000</td>\n",
       "    </tr>\n",
       "  </tbody>\n",
       "</table>\n",
       "</div>"
      ],
      "text/plain": [
       "                price  crime_rate  resid_area  air_qual  room_num       age  \\\n",
       "price        1.000000   -0.389582   -0.484754 -0.429300  0.696304 -0.377999   \n",
       "crime_rate  -0.389582    1.000000    0.406583  0.420972 -0.219247  0.352734   \n",
       "resid_area  -0.484754    0.406583    1.000000  0.763651 -0.391676  0.644779   \n",
       "air_qual    -0.429300    0.420972    0.763651  1.000000 -0.302188  0.731470   \n",
       "room_num     0.696304   -0.219247   -0.391676 -0.302188  1.000000 -0.240265   \n",
       "age         -0.377999    0.352734    0.644779  0.731470 -0.240265  1.000000   \n",
       "dist1        0.251355   -0.380050   -0.706481 -0.768589  0.208464 -0.746904   \n",
       "dist2        0.249459   -0.379813   -0.707956 -0.769724  0.203981 -0.746493   \n",
       "dist3        0.246650   -0.380069   -0.707566 -0.769157  0.201907 -0.747021   \n",
       "dist4        0.248200   -0.376462   -0.705819 -0.764873  0.205397 -0.746707   \n",
       "teachers     0.505655   -0.289946   -0.383248 -0.188933  0.355501 -0.261515   \n",
       "poor_prop   -0.740836    0.455621    0.603800  0.590879 -0.613808  0.602339   \n",
       "n_hos_beds   0.109646    0.017502    0.005827 -0.049954  0.032207 -0.021102   \n",
       "n_hot_rooms  0.023122    0.013518   -0.000839 -0.004882  0.030674  0.009380   \n",
       "rainfall    -0.047426    0.059204    0.055810  0.092104 -0.064694  0.075198   \n",
       "parks       -0.391574    0.383235    0.707635  0.915544 -0.282817  0.673850   \n",
       "\n",
       "                dist1     dist2     dist3     dist4  teachers  poor_prop  \\\n",
       "price        0.251355  0.249459  0.246650  0.248200  0.505655  -0.740836   \n",
       "crime_rate  -0.380050 -0.379813 -0.380069 -0.376462 -0.289946   0.455621   \n",
       "resid_area  -0.706481 -0.707956 -0.707566 -0.705819 -0.383248   0.603800   \n",
       "air_qual    -0.768589 -0.769724 -0.769157 -0.764873 -0.188933   0.590879   \n",
       "room_num     0.208464  0.203981  0.201907  0.205397  0.355501  -0.613808   \n",
       "age         -0.746904 -0.746493 -0.747021 -0.746707 -0.261515   0.602339   \n",
       "dist1        1.000000  0.997905  0.997735  0.994073  0.232834  -0.498823   \n",
       "dist2        0.997905  1.000000  0.998097  0.994003  0.233707  -0.495693   \n",
       "dist3        0.997735  0.998097  1.000000  0.994126  0.233588  -0.494290   \n",
       "dist4        0.994073  0.994003  0.994126  1.000000  0.228256  -0.496084   \n",
       "teachers     0.232834  0.233707  0.233588  0.228256  1.000000  -0.374044   \n",
       "poor_prop   -0.498823 -0.495693 -0.494290 -0.496084 -0.374044   1.000000   \n",
       "n_hos_beds  -0.030550 -0.031248 -0.028471 -0.021648 -0.008130  -0.066434   \n",
       "n_hot_rooms -0.014463 -0.010239 -0.010077 -0.005850 -0.023343   0.003337   \n",
       "rainfall    -0.036794 -0.038005 -0.041470 -0.032542 -0.045836   0.061581   \n",
       "parks       -0.706319 -0.708237 -0.709346 -0.703508 -0.187004   0.552310   \n",
       "\n",
       "             n_hos_beds  n_hot_rooms  rainfall     parks  \n",
       "price          0.109646     0.023122 -0.047426 -0.391574  \n",
       "crime_rate     0.017502     0.013518  0.059204  0.383235  \n",
       "resid_area     0.005827    -0.000839  0.055810  0.707635  \n",
       "air_qual      -0.049954    -0.004882  0.092104  0.915544  \n",
       "room_num       0.032207     0.030674 -0.064694 -0.282817  \n",
       "age           -0.021102     0.009380  0.075198  0.673850  \n",
       "dist1         -0.030550    -0.014463 -0.036794 -0.706319  \n",
       "dist2         -0.031248    -0.010239 -0.038005 -0.708237  \n",
       "dist3         -0.028471    -0.010077 -0.041470 -0.709346  \n",
       "dist4         -0.021648    -0.005850 -0.032542 -0.703508  \n",
       "teachers      -0.008130    -0.023343 -0.045836 -0.187004  \n",
       "poor_prop     -0.066434     0.003337  0.061581  0.552310  \n",
       "n_hos_beds     1.000000    -0.005461  0.058997 -0.072002  \n",
       "n_hot_rooms   -0.005461     1.000000 -0.004840  0.006262  \n",
       "rainfall       0.058997    -0.004840  1.000000  0.078641  \n",
       "parks         -0.072002     0.006262  0.078641  1.000000  "
      ]
     },
     "execution_count": 8,
     "metadata": {},
     "output_type": "execute_result"
    }
   ],
   "source": [
    "A.corr()"
   ]
  },
  {
   "cell_type": "code",
   "execution_count": 3,
   "metadata": {},
   "outputs": [
    {
     "data": {
      "text/html": [
       "<div>\n",
       "<style scoped>\n",
       "    .dataframe tbody tr th:only-of-type {\n",
       "        vertical-align: middle;\n",
       "    }\n",
       "\n",
       "    .dataframe tbody tr th {\n",
       "        vertical-align: top;\n",
       "    }\n",
       "\n",
       "    .dataframe thead th {\n",
       "        text-align: right;\n",
       "    }\n",
       "</style>\n",
       "<table border=\"1\" class=\"dataframe\">\n",
       "  <thead>\n",
       "    <tr style=\"text-align: right;\">\n",
       "      <th></th>\n",
       "      <th>price</th>\n",
       "      <th>crime_rate</th>\n",
       "      <th>resid_area</th>\n",
       "      <th>air_qual</th>\n",
       "      <th>room_num</th>\n",
       "      <th>age</th>\n",
       "      <th>dist1</th>\n",
       "      <th>dist2</th>\n",
       "      <th>dist3</th>\n",
       "      <th>dist4</th>\n",
       "      <th>teachers</th>\n",
       "      <th>poor_prop</th>\n",
       "      <th>airport</th>\n",
       "      <th>n_hos_beds</th>\n",
       "      <th>n_hot_rooms</th>\n",
       "      <th>waterbody</th>\n",
       "      <th>rainfall</th>\n",
       "      <th>bus_ter</th>\n",
       "      <th>parks</th>\n",
       "    </tr>\n",
       "  </thead>\n",
       "  <tbody>\n",
       "    <tr>\n",
       "      <th>0</th>\n",
       "      <td>24.0</td>\n",
       "      <td>0.00632</td>\n",
       "      <td>32.31</td>\n",
       "      <td>0.538</td>\n",
       "      <td>6.575</td>\n",
       "      <td>65.2</td>\n",
       "      <td>4.35</td>\n",
       "      <td>3.81</td>\n",
       "      <td>4.18</td>\n",
       "      <td>4.01</td>\n",
       "      <td>24.7</td>\n",
       "      <td>4.98</td>\n",
       "      <td>YES</td>\n",
       "      <td>5.480</td>\n",
       "      <td>11.1920</td>\n",
       "      <td>River</td>\n",
       "      <td>23</td>\n",
       "      <td>YES</td>\n",
       "      <td>0.049347</td>\n",
       "    </tr>\n",
       "    <tr>\n",
       "      <th>1</th>\n",
       "      <td>21.6</td>\n",
       "      <td>0.02731</td>\n",
       "      <td>37.07</td>\n",
       "      <td>0.469</td>\n",
       "      <td>6.421</td>\n",
       "      <td>78.9</td>\n",
       "      <td>4.99</td>\n",
       "      <td>4.70</td>\n",
       "      <td>5.12</td>\n",
       "      <td>5.06</td>\n",
       "      <td>22.2</td>\n",
       "      <td>9.14</td>\n",
       "      <td>NO</td>\n",
       "      <td>7.332</td>\n",
       "      <td>12.1728</td>\n",
       "      <td>Lake</td>\n",
       "      <td>42</td>\n",
       "      <td>YES</td>\n",
       "      <td>0.046146</td>\n",
       "    </tr>\n",
       "    <tr>\n",
       "      <th>2</th>\n",
       "      <td>34.7</td>\n",
       "      <td>0.02729</td>\n",
       "      <td>37.07</td>\n",
       "      <td>0.469</td>\n",
       "      <td>7.185</td>\n",
       "      <td>61.1</td>\n",
       "      <td>5.03</td>\n",
       "      <td>4.86</td>\n",
       "      <td>5.01</td>\n",
       "      <td>4.97</td>\n",
       "      <td>22.2</td>\n",
       "      <td>4.03</td>\n",
       "      <td>NO</td>\n",
       "      <td>7.394</td>\n",
       "      <td>101.1200</td>\n",
       "      <td>None</td>\n",
       "      <td>38</td>\n",
       "      <td>YES</td>\n",
       "      <td>0.045764</td>\n",
       "    </tr>\n",
       "    <tr>\n",
       "      <th>3</th>\n",
       "      <td>33.4</td>\n",
       "      <td>0.03237</td>\n",
       "      <td>32.18</td>\n",
       "      <td>0.458</td>\n",
       "      <td>6.998</td>\n",
       "      <td>45.8</td>\n",
       "      <td>6.21</td>\n",
       "      <td>5.93</td>\n",
       "      <td>6.16</td>\n",
       "      <td>5.96</td>\n",
       "      <td>21.3</td>\n",
       "      <td>2.94</td>\n",
       "      <td>YES</td>\n",
       "      <td>9.268</td>\n",
       "      <td>11.2672</td>\n",
       "      <td>Lake</td>\n",
       "      <td>45</td>\n",
       "      <td>YES</td>\n",
       "      <td>0.047151</td>\n",
       "    </tr>\n",
       "    <tr>\n",
       "      <th>4</th>\n",
       "      <td>36.2</td>\n",
       "      <td>0.06905</td>\n",
       "      <td>32.18</td>\n",
       "      <td>0.458</td>\n",
       "      <td>7.147</td>\n",
       "      <td>54.2</td>\n",
       "      <td>6.16</td>\n",
       "      <td>5.86</td>\n",
       "      <td>6.37</td>\n",
       "      <td>5.86</td>\n",
       "      <td>21.3</td>\n",
       "      <td>5.33</td>\n",
       "      <td>NO</td>\n",
       "      <td>8.824</td>\n",
       "      <td>11.2896</td>\n",
       "      <td>Lake</td>\n",
       "      <td>55</td>\n",
       "      <td>YES</td>\n",
       "      <td>0.039474</td>\n",
       "    </tr>\n",
       "    <tr>\n",
       "      <th>5</th>\n",
       "      <td>28.7</td>\n",
       "      <td>0.02985</td>\n",
       "      <td>32.18</td>\n",
       "      <td>0.458</td>\n",
       "      <td>6.430</td>\n",
       "      <td>58.7</td>\n",
       "      <td>6.22</td>\n",
       "      <td>5.80</td>\n",
       "      <td>6.23</td>\n",
       "      <td>5.99</td>\n",
       "      <td>21.3</td>\n",
       "      <td>5.21</td>\n",
       "      <td>YES</td>\n",
       "      <td>7.174</td>\n",
       "      <td>14.2296</td>\n",
       "      <td>None</td>\n",
       "      <td>53</td>\n",
       "      <td>YES</td>\n",
       "      <td>0.045910</td>\n",
       "    </tr>\n",
       "    <tr>\n",
       "      <th>6</th>\n",
       "      <td>22.9</td>\n",
       "      <td>0.08829</td>\n",
       "      <td>37.87</td>\n",
       "      <td>0.524</td>\n",
       "      <td>6.012</td>\n",
       "      <td>66.6</td>\n",
       "      <td>5.87</td>\n",
       "      <td>5.47</td>\n",
       "      <td>5.70</td>\n",
       "      <td>5.20</td>\n",
       "      <td>24.8</td>\n",
       "      <td>12.43</td>\n",
       "      <td>YES</td>\n",
